11 37 7 23 12 2007
20 40 47 13 07 1973
12 28 11 06 09 1979
8 6 32 30 08 2014
12 46 53 06 10 2012
8 20 35 07 03 1998
15 31 45 11 08 1973
10 6 12 03 11 2003
2 9 29 16 03 1996
10 0 59 14 05 1979
3 13 3 22 04 1984
8 25 12 02 07 1985
3 30 35 21 06 1992
11 29 27 12 08 1981
21 44 19 21 11 1976
13 54 16 04 10 1980
14 26 35 05 01 1984
11 50 20 12 11 1979
0 33 44 10 11 2008
14 16 51 03 04 2018
11 25 11 06 01 2000
12 41 5 20 06 1980
9 19 0 11 11 1997
19 24 31 12 07 2009
12 47 11 28 02 2009
0 42 50 31 01 1995
1 11 58 25 06 1973
20 42 54 23 02 1998
12 4 51 12 10 2013
21 17 23 25 05 1981
0 26 37 02 11 1983
20 40 43 14 09 2018
13 54 16 05 05 1993
20 27 40 30 10 1995
16 46 7 07 11 1976
10 15 50 10 02 1987
2 18 42 20 12 1989
21 17 10 20 05 2017
10 48 41 10 01 2012
22 44 29 03 03 1987
16 10 49 12 01 1992
13 34 12 06 07 1990
18 59 50 05 09 1990
23 51 45 10 07 2004
13 46 56 18 12 1975
20 17 32 30 06 1979
20 29 24 22 02 1985
10 13 9 21 09 2016
21 2 50 14 09 1970
11 47 47 21 03 1995
1 17 55 11 10 1987
13 42 25 30 09 2014
16 11 25 17 06 2009
15 35 21 21 06 2004
19 38 14 18 09 1977
16 31 26 22 11 2000
2 55 18 09 02 2012
3 38 48 27 05 1988
10 9 49 03 10 1975
0 14 26 04 10 2013
20 19 45 19 12 1976
6 27 43 21 08 1987
16 46 13 17 09 1995
7 47 32 28 08 1989
16 47 47 29 05 2021
3 45 31 27 08 2011
2 45 14 15 11 2002
9 0 54 05 08 1996
19 59 44 02 01 2010
7 44 18 08 06 2006
0 6 58 17 01 2011
15 38 59 03 10 2005
11 5 32 01 12 2017
20 37 56 17 02 2017
3 47 56 04 07 2005
16 4 29 26 04 1993
7 31 35 22 03 2014
19 28 46 26 02 2011
14 3 20 23 05 2005
14 10 37 27 07 1972
3 21 0 01 11 1981
4 41 22 27 04 2008
12 30 7 16 07 2004
13 21 28 06 03 1971
5 55 19 22 01 1977
13 44 37 04 08 1979
20 25 0 17 03 1976
8 59 21 31 01 1977
18 28 19 23 01 1972
9 3 23 03 01 1976
5 22 31 03 10 1984
20 41 35 03 04 1998
3 9 8 21 11 1995
23 0 51 04 04 1975
8 52 55 28 11 1993
12 56 20 03 10 1989
6 42 19 17 07 2009
6 12 57 23 07 1980
9 33 17 10 08 1996
16 50 1 02 11 1999